34 2
34 -1.2286083 -0.5707308
1 -1.1615018 0.2727289
33 -1.2251697 -0.54929096
3 -1.1656677 -0.03852483
2 -1.1630229 0.090977624
32 -1.1448065 -0.16034551
4 -1.152099 0.26170892
14 -1.1471984 0.19728516
24 -1.2228808 -0.8757912
9 -1.1253921 -0.18322077
8 -1.167756 0.40866393
7 -1.2845525 1.194125
6 -1.1881065 0.5900094
28 -1.2117056 -0.73484874
30 -1.2237617 -0.380638
11 -1.241455 1.2121373
25 -1.2177807 -0.6506341
29 -1.1867472 -0.17507745
26 -1.1954263 -0.8592558
5 -1.2072814 0.75911295
31 -1.184054 -0.26989573
20 -1.1764277 -0.099876866
21 -1.1413012 -0.2769526
19 -1.1423091 -0.26500642
15 -1.1668514 -0.2406923
18 -1.1848506 0.1461594
23 -1.1556938 -0.00046252226
22 -1.1492503 0.2493478
10 -1.198068 -0.30898395
16 -1.1862327 -0.24089898
17 -1.2681792 1.0453739
27 -1.2038481 -0.33561164
13 -1.1243628 0.22204804
12 -1.159778 0.0764907
